[-107.93875285 -108.65493564 -113.24214273 -119.82645704 -122.49764797
 -127.02896102 -131.53765448 -137.53174421 -143.13472889 -146.42704541
 -150.62795936 -153.38320196 -154.52790431 -154.3160077  -151.34229548
 -148.64668646 -146.37284038 -143.32141595 -141.16053451 -139.18129496
 -134.32814066 -130.16999036 -127.38689403 -124.8925367  -123.90851381
 -123.67390203 -123.59471469]


[ 922.3607347   892.95077722  686.23985832  381.01049192  259.56050581
   70.40053463  -95.24982977 -268.25104453 -390.10158338 -435.37404874
 -472.37244572 -476.38781131 -453.34148872 -368.18916161 -239.52040268
 -171.61854606 -130.78818046  -87.40342624  -61.26209186  -40.46360816
   -6.56045925    1.94276      -3.46841831   -4.80700997   -5.00111933
   -6.22570526   -7.46713404]

   [0.345 0.67  2.32  7.93  8.22  7.9   5.47  4.88  3.8   3.69  3.88  3.71
 3.1   1.91  1.02  1.33  1.39  1.65  1.13  0.998 1.18  1.55  1.47  1.02
 1.06  1.23  1.22  1.04 ]
[9.68e-05 8.71e-04 1.82e-03 3.94e-03 4.33e-03 4.72e-03 5.63e-03 6.05e-03
 7.59e-03 8.13e-03 9.06e-03 1.05e-02 1.13e-02 1.23e-02 1.45e-02 1.61e-02
 1.66e-02 1.76e-02 1.85e-02 1.89e-02 1.97e-02 2.22e-02 2.31e-02 2.53e-02
 2.71e-02 2.83e-02 2.87e-02 2.99e-02]


 [0.345 0.67  2.32  7.93  8.22  7.9   5.47  4.88  3.8   3.69  3.88  3.71
 3.1   1.91  1.02  1.33  1.39  1.65  1.13  0.998 1.18  1.55  1.47  1.02
 1.06  1.23  1.22  1.04 ]
[9.68e-05 8.71e-04 1.82e-03 3.94e-03 4.33e-03 4.72e-03 5.63e-03 6.05e-03
 7.59e-03 8.13e-03 9.06e-03 1.05e-02 1.13e-02 1.23e-02 1.45e-02 1.61e-02
 1.66e-02 1.76e-02 1.85e-02 1.89e-02 1.97e-02 2.22e-02 2.31e-02 2.53e-02
 2.71e-02 2.83e-02 2.87e-02 2.99e-02]